query_10099.rq;3;4812;807555;4655;2556
query_10003.rq;3;675;807554;609;2440
query_10037.rq;10;1196;184553;1185;308
query_10156.rq;4;1057;2383825;1057;6
query_10158.rq;3;525;807556;443;3388
query_10089.rq;4;722;2383825;721;6
query_7278.rq;2;508;1280214;427;2722
query_10072.rq;5;389;47072;389;103
query_10102.rq;2;434;49302;408;658
query_3598.rq;2;981;2434589;430;23491
query_10098.rq;2;516;1280214;412;2918
query_10120.rq;2;702;492648;448;15499
query_10033.rq;2;560;1280217;462;4656
query_10148.rq;2;665;492648;435;15499
query_10160.rq;19;718;1396909;455;2389
query_10112.rq;3;577;807556;519;3388
query_10075.rq;4;594;2718197;594;32
query_10052.rq;19;711;1398196;460;2360
query_10071.rq;5;470;52257;470;110
query_10057.rq;4;548;2384493;546;52
query_10053.rq;2;459;49302;452;223
query_324.rq;2;473;1280217;358;4656
query_10021.rq;4;444;2717167;443;58
